200 2 2
0.05513464 0.5597914 1
0.1219315 0.6129908 1
0.1995707 0.6578965 1
0.2870126 0.6929096 1
0.3830098 0.716561 1
0.486124 0.7275359 1
0.5947437 0.7246973 1
0.7071068 0.7071068 1
0.8213236 0.6740429 1
0.9354033 0.6250165 1
1.047282 0.5597836 1
1.154849 0.4783543 1
1.255984 0.3809986 1
1.34858 0.2682492 1
1.430578 0.1408996 1
1.5 9.18485E-17 1
1.554976 -0.1531518 1
1.593776 -0.3170218 1
1.614837 -0.4898554 1
1.616789 -0.669696 1
1.598482 -0.8544066 1
1.559006 -1.041694 1
1.497708 -1.229137 1
1.414214 -1.414214 1
1.308436 -1.594334 1
1.180587 -1.766873 1
1.03118 -1.929203 1
0.8610377 -2.078729 1
0.6712833 -2.212925 1
0.4633395 -2.329365 1
0.2389168 -2.425763 1
3.06162E-16 -2.5 1
-0.2511689 -2.550161 1
-0.5121121 -2.574561 1
-0.7801401 -2.571777 1
-1.052379 -2.540669 1
-1.325803 -2.480404 1
-1.597264 -2.390475 1
-1.86353 -2.270718 1
-2.12132 -2.12132 1
-2.367345 -1.942829 1
-2.598343 -1.736157 1
-2.811124 -1.502577 1
-3.002608 -1.243721 1
-3.169865 -0.961568 1
-3.31015 -0.6584298 1
-3.420947 -0.3369339 1
-3.5 -6.4294E-16 1
-3.545346 0.3491861 1
-3.555347 0.7072024 1
-3.528717 1.070425 1
-3.464548 1.435063 1
-3.362325 1.7972 1
-3.221945 2.152835 1
-3.043729 2.497924 1
-2.828427 2.828427 1
-2.577223 3.140355 1
-2.291727 3.429812 1
-1.973974 3.693045 1
-1.626405 3.926488 1
-1.251853 4.126805 1
-0.8535202 4.290936 1
-0.4349511 4.416132 1
-1.10218E-15 4.5 1
0.4472032 4.54053 1
0.9022927 4.536132 1
1.360709 4.485658 1
1.817746 4.388428 1
2.268597 4.244246 1
2.708405 4.053414 1
3.132317 3.816739 1
3.535534 3.535534 1
3.913365 3.211616 1
4.261282 2.847297 1
4.574967 2.445371 1
4.850368 2.009088 1
5.083746 1.542137 1
5.271721 1.04861 1
5.411317 0.5329682 1
5.5 1.68389E-15 1
5.535715 -0.5452203 1
5.516917 -1.097383 1
5.442598 -1.650994 1
5.312307 -2.20043 1
5.126167 -2.739994 1
4.884884 -3.263975 1
4.58975 -3.76671 1
4.242641 -4.242641 1
3.846009 -4.686376 1
3.402868 -5.092751 1
2.916767 -5.456888 1
2.391771 -5.774247 1
1.832422 -6.040686 1
1.243701 -6.252506 1
0.6309853 -6.406502 1
2.38806E-15 -6.5 1
-0.6432375 -6.5309 1
-1.292473 -6.497702 1
-1.941279 -6.399538 1
-2.583113 -6.236187 1
-0.05513464 -0.5597914 2
-0.1219315 -0.6129908 2
-0.1995707 -0.6578965 2
-0.2870126 -0.6929096 2
-0.3830098 -0.716561 2
-0.486124 -0.7275359 2
-0.5947437 -0.7246973 2
-0.7071068 -0.7071068 2
-0.8213236 -0.6740429 2
-0.9354033 -0.6250165 2
-1.047282 -0.5597836 2
-1.154849 -0.4783543 2
-1.255984 -0.3809986 2
-1.34858 -0.2682492 2
-1.430578 -0.1408996 2
-1.5 -9.18485E-17 2
-1.554976 0.1531518 2
-1.593776 0.3170218 2
-1.614837 0.4898554 2
-1.616789 0.669696 2
-1.598482 0.8544066 2
-1.559006 1.041694 2
-1.497708 1.229137 2
-1.414214 1.414214 2
-1.308436 1.594334 2
-1.180587 1.766873 2
-1.03118 1.929203 2
-0.8610377 2.078729 2
-0.6712833 2.212925 2
-0.4633395 2.329365 2
-0.2389168 2.425763 2
-3.06162E-16 2.5 2
0.2511689 2.550161 2
0.5121121 2.574561 2
0.7801401 2.571777 2
1.052379 2.540669 2
1.325803 2.480404 2
1.597264 2.390475 2
1.86353 2.270718 2
2.12132 2.12132 2
2.367345 1.942829 2
2.598343 1.736157 2
2.811124 1.502577 2
3.002608 1.243721 2
3.169865 0.961568 2
3.31015 0.6584298 2
3.420947 0.3369339 2
3.5 6.4294E-16 2
3.545346 -0.3491861 2
3.555347 -0.7072024 2
3.528717 -1.070425 2
3.464548 -1.435063 2
3.362325 -1.7972 2
3.221945 -2.152835 2
3.043729 -2.497924 2
2.828427 -2.828427 2
2.577223 -3.140355 2
2.291727 -3.429812 2
1.973974 -3.693045 2
1.626405 -3.926488 2
1.251853 -4.126805 2
0.8535202 -4.290936 2
0.4349511 -4.416132 2
1.10218E-15 -4.5 2
-0.4472032 -4.54053 2
-0.9022927 -4.536132 2
-1.360709 -4.485658 2
-1.817746 -4.388428 2
-2.268597 -4.244246 2
-2.708405 -4.053414 2
-3.132317 -3.816739 2
-3.535534 -3.535534 2
-3.913365 -3.211616 2
-4.261282 -2.847297 2
-4.574967 -2.445371 2
-4.850368 -2.009088 2
-5.083746 -1.542137 2
-5.271721 -1.04861 2
-5.411317 -0.5329682 2
-5.5 -1.68389E-15 2
-5.535715 0.5452203 2
-5.516917 1.097383 2
-5.442598 1.650994 2
-5.312307 2.20043 2
-5.126167 2.739994 2
-4.884884 3.263975 2
-4.58975 3.76671 2
-4.242641 4.242641 2
-3.846009 4.686376 2
-3.402868 5.092751 2
-2.916767 5.456888 2
-2.391771 5.774247 2
-1.832422 6.040686 2
-1.243701 6.252506 2
-0.6309853 6.406502 2
-2.38806E-15 6.5 2
0.6432375 6.5309 2
1.292473 6.497702 2
1.941279 6.399538 2
2.583113 6.236187 2